32934
38466
39574
47201
21964
17514
2964
14393
2848
19778
47428
29542
35391
4941
12493
49641
41055
41456
49525
30749
39080
32109
42272
45956
12095
3620
41844
34697
323
42163
25621
22041
4533
3444
18263
6489
22586
25874
49702
29765
10022
40283
19565
38493
35406
26450
40201
25209
43089
37588
560
12161
779
45411
13524
1852
23414
17043
33776
25998
23493
18678
3692
12323
1929
22864
45997
16208
2833
34698
23719
41085
6146
40333
40115
20630
6014
10017
7566
8592
29200
25812
45382
38444
19518
36900
45439
37251
792
44252
48390
24571
15080
48976
26726
8088
49855
44110
31649
2048
23545
1339
24040
58
10136
22371
764
46133
158
17147
33073
149
22369
36764
7436
1866
44846
31932
32535
7536
28913
46803
30794
33501
42487
21029
27443
38672
26134
37894
37749
32764
49155
10230
8276
35055
29521
41789
2183
2604
9284
14119
40697
31409
6140
22779
7319
28536
21128
11722
42660
20316
23678
29751
21722
48446
18033
16398
26841
17810
17857
44224
39227
3712
10109
16782
24431
48361
17173
8514
19855
34326
26245
42525
4685
13737
47794
22928
43491
38195
21735
12848
39797
10235
47607
30617
25575
19278
5313
47301
858
16005
16149
39485
19304
15969
7027
31093
15942
8129
45161
22023
32987
7966
22426
15618
46012
34522
17654
29524
13274
40110
7366
24878
23681
27839
18444
34979
38460
24689
5153
23573
9346
11488
8005
28774
43787
45008
32245
9106
10375
43171
19669
13962
17241
24938
19367
46438
38328
35057
20296
45167
33444
17991
47700
9787
36918
47469
12948
43496
