579
1014
759
446
186
1051
5
317
1271
247
1069
386
31
996
1282
55
152
399
902
708
1247
1037
1290
452
861
1869
1921
2585
2032
2367
2535
2463
1966
1324
1837
2392
2485
1885
1492
1634
1724
1727
2262
2410
2253
2416
1483
2368
2579
1993
3181
2850
3651
3535
2891
2820
3538
3654
2928
2911
2871
3792
2687
2939
3029
2943
2660
2814
3770
3304
3498
3199
3717
3495
2721
4652
4826
4261
5189
4500
5124
4616
5076
4439
5046
4566
4273
4440
3901
4639
4502
4586
4643
3915
5108
4815
4367
4015
4282
4758
6389
6239
5503
6158
5761
5717
5840
5914
6070
6279
5904
5826
5603
5243
5793
6315
6180
6230
5500
5894
6109
6448
6423
5719
5917
7089
7559
6895
7736
7257
7536
6525
7494
6539
6549
6696
6559
6982
7695
7706
7098
7670
7128
6690
6715
7511
6723
7543
7599
6713
8229
7831
8932
8555
8890
8306
8626
8047
8825
8640
8126
7954
7858
8334
9076
8073
9001
8376
9018
8137
8417
8428
8604
8142
8669
9200
9276
10017
9656
10106
9140
9165
9233
9277
10292
9928
10204
9605
9569
9882
9848
10240
10239
9363
9893
10029
10322
9922
9508
9786
11481
11455
10497
11377
11436
10577
10843
10772
10691
11273
10743
11385
11088
10495
11396
10838
11024
11427
11466
10957
11573
11218
11192
11664
11152
12043
12328
12692
12895
12497
12644
12077
12309
12525
12217
12057
12063
12634
12956
11831
12844
12469
12698
12750
11933
12552
12583
12944
12094
11729